2551306553
640069322
2623620961
2551306558
2606217558
2551306556
2623620345
2606217669
2606217684
2606217679
2606217606
2551306555
2606217312
2606217316
640069324
2606217691
2623620330
2606217318
2623620876
2623620347
2606217315
2606217668
2606217688
2623620346
637000212
2551306661
2623620963
640069321
2606217557
2606217314
640427149
2606217683
640069323
2606217690
2606217689
2623620984
2623620962
2606217681
2606217419
2606217560
2606217682
2606217680
2606217559
647533199
2551306554
2623620348
2606217555
2551306560
2606217677
637000214
2606217313
2606217667
2606217692
2551306551
640753041
637000211
2606217556
2623620316
2606217687
2623620960
2606217686
2623620959
637000309
2597489918
2623620732
641228501
2551306547
637000213
2551306550
2606217319
2623620733
2619619275
2606217311
640069325
637000210
2606217685
2551306659
2606217317
